＜＜delete関数実装のみ>＞
Functional tests passed!
~~~~~~~~~~~~
90 56.231223
91 986.140196
92 64.369161
93 61.739544
94 62.564902
95 61.218475
96 62.094923
97 61.570673
98 552.312422
99 68.843354
Performance tests passed!


＜＜rehashing関数実装＞＞
Functional tests passed!
~~~~~~~~~~~~
90 30.770164
91 30.418958
92 31.064132
93 30.883778
94 32.305207
95 32.595317
96 34.082901
97 34.401804
98 35.386329
99 35.156264
Performance tests passed!

＜＜①の実装をしたとき＞＞
Functional tests passed!
~~~~~~~~~~~~
90 5.665305
91 5.759061
92 5.977605
93 6.388285
94 6.668455
95 6.374620
96 6.732817
97 7.005486
98 7.055021
99 7.025399
Performance tests passed!

＜＜②の実装をしたとき（大きめの値に○を付けた）＞＞
Functional tests passed!
0 0.057865
1 0.053609
2 0.031276
3 0.081731
4 0.030744
5 0.034682
6 0.032902
7 0.154191　　○
8 0.033015
9 0.034175
10 0.033553
11 0.033306
12 0.032629
13 0.056133
14 0.299090　　○
15 0.033333
16 0.037024
17 0.068621
18 0.032643
19 0.033503
20 0.032664
21 0.033268
22 0.033877
23 0.036225
24 0.034360
25 0.034370
26 0.098221
27 0.033366
28 0.831092　　○
29 0.033891
30 0.035610
31 0.033545
32 0.034790
33 0.034156
34 0.032698
35 0.033393
36 0.034354
37 0.036765
38 0.035279
39 0.033419
40 0.033925
41 0.034437
42 0.033908
43 0.145107　　○
44 0.033303
45 0.034337
46 0.034288
47 0.034395
48 0.033630
49 0.033852
50 0.035542
51 0.036057
52 0.035130
53 0.034526
54 0.034527
55 0.194131　　○
56 0.033765
57 1.718438　　○
58 0.036211
59 0.035590
60 0.034359
61 0.034450
62 0.034782
63 0.034166
64 0.036773
65 0.038402
66 0.035179
67 0.034819
68 0.033079
69 0.032854
70 0.033247
71 0.033435
72 0.036256
73 0.035348
74 0.033708
75 0.033746
76 0.033829
77 0.033680
78 0.033401
79 0.035601
80 0.215358　　○
81 0.035026
82 0.035936
83 0.035137
84 0.033910
85 0.034676
86 0.033768
87 0.033829
88 0.034170
89 0.036394
90 0.035872
91 0.033838
92 0.033989
93 0.033930
94 0.034423
95 0.033744
96 0.036639
97 0.035712
98 0.034936
99 0.034484
Performance tests passed!

実行時間は11.66秒
また、デバッグとしてrehashとnext_primeの最初でprintするようにしたところ、7,14,28,57でrehashとnext_primeが呼び出されていた。
43,55,80はわからない。

メンターさんからの助言を参考に③にしたところ、実行時間が9.96秒になった。